descricao,idItem,numero,quantidade,situacao,unidadeMedida,valorTotal,valorUnitario
"SUPORTE DE CAIXA",1282725,81,3,ATIVO,PECAS,535.47,178.4897
"INTERRUPTOR DO OLEO",1282726,37,4,ATIVO,PECAS,146.76,36.6895
"INTERRUPTOR DO FREIO",1282727,36,2,ATIVO,UNIDADE,73.38,36.6895
"IMPULSOR DE PARTIDA",1282728,35,2,ATIVO,PECAS,198.32,99.1609
"FLEXIVEL DE FREIO",1282729,34,6,ATIVO,PECAS,291.53,48.5889
"FILTRO DO OLEO",1282730,33,10,ATIVO,PECAS,247.9,24.7902
"FILTRO DE COMBUSTIVEL.",1282731,32,6,ATIVO,PEÇA,190.39,31.7315
"FILTRO DE AR.",1282732,31,4,ATIVO,PEÇA,138.83,34.7063
"DISCO DE FREIO.",1282733,30,6,ATIVO,PEÇA,535.47,89.2449
"CUBO DE RODA TRASEIRO",1282734,29,4,ATIVO,PECAS,1150.27,287.5667
"CUBO DE RODA DIANTEIRO.",1282735,28,4,ATIVO,PEÇA,1150.27,287.5667
"CORREIA DENTADA",1282736,27,2,ATIVO,PECAS,158.66,79.3288
"COLA SILICONE",1282737,25,5,ATIVO,PECAS,49.58,9.9161
"COIFA HOMOCINÉTICA",1282738,24,6,ATIVO,PECAS,178.49,29.7483
"CILINDRO RODA TRASEIRO",1282739,23,6,ATIVO,PECAS,351.03,58.505
"CILINDRO EMBREAGEM",1282740,22,2,ATIVO,PECAS,585.05,292.5248
CÁRTER,1282741,21,2,ATIVO,PECAS,575.13,287.5667
"CANO DÁGUA",1282742,20,2,ATIVO,PECAS,138.83,69.4127
"CALCO AMORTECEDOR DIANTEIRO",1282743,19,4,ATIVO,PECAS,329.21,82.3036
"CABO FREIO DE MAO.",1282744,18,2,ATIVO,PEÇA,366.9,183.4477
"CABO DE VELAS",1282745,17,3,ATIVO,JOGO,565.22,188.4058
"CABO ACELERADOR",1282746,16,2,ATIVO,UNIDADE,109.08,54.5385
"BUCHA ESTABILIZADOR",1282747,15,8,ATIVO,PECAS,198.32,24.7902
"BUCHA BALANÇA",1282748,14,6,ATIVO,PECAS,208.24,34.7063
"BOMBA OLEO",1282749,13,2,ATIVO,UNIDADE,555.3,277.6506
"BOMBA DAGUA",1282750,12,2,ATIVO,UNIDADE,394.66,197.3303
"BOMBA COMBUSTIVEL",1282751,11,2,ATIVO,PECAS,436.31,218.1541
BOBINA,1282752,10,2,ATIVO,PECAS,555.3,277.6506
"BIELETA ESTABILIZADOR",1282753,9,6,ATIVO,PECAS,386.73,64.4546
"bico injetor.",1282754,8,8,ATIVO,PEÇA,1745.23,218.1541
BATERIA,1282755,7,2,ATIVO,PECAS,713.96,356.9794
"BATENTE AMORTECEDOR DIANTEIRO",1282756,6,6,ATIVO,PECAS,89.24,14.8741
"BALANCA DE SUSPENSAO",1282757,5,2,ATIVO,PECAS,723.88,361.9375
"AMORTECEDOR TRASEIRO",1282758,4,4,ATIVO,PECAS,753.62,188.4058
"AMORTECEDOR DIANTEIRO",1282759,3,4,ATIVO,PECAS,1110.6,277.6506
"AMORTECEDOR CAPO TRASEIRO",1282760,2,4,ATIVO,PECAS,257.82,64.4546
"ADITIVO PARA RADIADOR",1282761,1,10,ATIVO,PECAS,49.56,4.956
"SONDA LAMBDA",1282762,80,2,ATIVO,PECAS,515.64,257.8185
"INTERRUPTOR RADIADOR",1282763,38,2,ATIVO,PECAS,253.85,126.926
"INTERRUPTOR RÉ",1282764,39,2,ATIVO,PECAS,95.19,47.5973
"CORREIA ALTERNADOR",1282765,26,3,ATIVO,UNIDADE,193.36,64.4546
"JOGO BRONZINA DE BIELA",1282766,41,2,ATIVO,PECAS,168.57,84.2868
"SILENCIOSO TRASEIRO",1282767,79,2,ATIVO,PECAS,525.55,262.7765
"SILENCIOSO INTERMEDIARIO",1282768,78,2,ATIVO,PECAS,416.48,208.238
"SENSOR ROTAÇÃO",1282769,77,2,ATIVO,PECAS,297.48,148.7414
"SENSOR DE BORBOLETA",1282770,76,2,ATIVO,PECAS,327.23,163.6156
"SENSOR MAP",1282771,75,2,ATIVO,PECAS,426.39,213.196
"SAPATA DE FREIO",1282772,74,2,ATIVO,JOGO,317.32,158.6575
"INTERRUPTOR TEMPERATURA",1282773,40,2,ATIVO,PECAS,140.81,70.4043
"ROLAMENTO CORREIA ALTERNADOR",1282774,72,4,ATIVO,PECAS,515.64,128.9092
"RETENTOR VALVULAS",1282775,71,16,ATIVO,PECAS,63.46,3.9664
"RETENTOR TRASEIRO MOTOR",1282776,70,2,ATIVO,PECAS,140.81,70.4043
"RETENTOR DA CAIXA",1282777,69,4,ATIVO,PECAS,146.76,36.6895
"RETENTOR DIANTEIRO VIRABREQUIM",1282778,68,2,ATIVO,PECAS,95.19,47.5973
"RETENTOR COMANDO",1282779,67,2,ATIVO,PECAS,59.5,29.7483
"RESERVATORIO AGUA RADIADOR",1282780,66,1,ATIVO,PECAS,118.99,118.9931
"Radiador dagua",1282781,65,1,ATIVO,UNIDADE,475.97,475.9725
"PIVO SUSPENSAO",1282782,64,4,ATIVO,PECAS,297.48,74.3707
"PASTILHA DE FREIO",1282783,63,5,ATIVO,UNIDADE,892.45,178.4897
"PARAFUSO DE RODA",1282784,62,20,ATIVO,UNIDADE,99.16,4.958
"Palheta limpador",1282785,61,5,ATIVO,JOGO,322.27,64.4546
"ROLAMENTO CORREIA DENTADA",1282786,73,2,ATIVO,PECAS,287.57,143.7834
"ÓLEO DE FREIO",1282787,59,20,ATIVO,LITRO,297.48,14.8741
"OLEO DE MOTOR",1282788,60,20,ATIVO,LITRO,356.98,17.849
"JOGO BRONZINA DE MANCAL",1282789,42,2,ATIVO,PECAS,317.32,158.6575
"JOGO PISTÃO COM ANÉIS",1282790,43,2,ATIVO,PECAS,1784.9,892.4485
"JOGO JUNTA MOTOR",1282791,44,2,ATIVO,PECAS,515.64,257.8185
"JUNTA COLETOR",1282792,46,3,ATIVO,PECAS,77.35,25.7818
"JUNTA HOMOCINETICA",1282793,47,4,ATIVO,PECAS,1427.92,356.9794
"JUNTA TAMPA DE VALVULAS",1282794,48,3,ATIVO,PECAS,133.87,44.6224
"KIT EMBREAGEM",1282795,49,2,ATIVO,PECAS,1784.9,892.4485
"LAMPADA 1 POLO",1282796,50,10,ATIVO,PECAS,29.75,2.9748
"JUNTA CARTER",1282797,45,3,ATIVO,PECAS,175.52,58.505
"MANGUEIRA RADIADOR",1282798,52,3,ATIVO,PECAS,193.36,64.4546
"MANGUEIRA RESPIRO",1282799,53,2,ATIVO,PECAS,89.24,44.6224
"Mangueira gasolina",1282800,54,10,ATIVO,METRO,247.9,24.7902
"MECANISMO DIREÇÃO HIDRÁULICO",1282801,55,2,ATIVO,PECAS,1784.9,892.4485
"MOLA DIANTEIRA",1282802,56,4,ATIVO,PECAS,587.03,146.7582
"MOLA TRASEIRA",1282803,57,4,ATIVO,PECAS,614.8,153.6995
"ÓLEO DE CAIXA",1282804,58,20,ATIVO,LITRO,297.48,14.8741
"LAMPADA FAROL H7",1282805,51,10,ATIVO,PECAS,297.48,29.7483
"SUPORTE MOTOR",1282806,82,4,ATIVO,PECAS,753.62,188.4058
"TAMPA RADIADOR",1282931,543,2,ATIVO,PECAS,59.49,29.7473
"TAMPA DO OLEO",1282932,542,2,ATIVO,PECAS,49.58,24.7894
"TAMBOR DE FREIO",1282933,541,4,ATIVO,PECAS,475.96,118.9892
"SUPORTE MOTOR",1282934,540,5,ATIVO,PECAS,1090.73,218.1468
"SUPORTE DE CAIXA",1282935,539,3,ATIVO,PECAS,461.08,153.6943
"SONDA LAMBDA",1282936,538,2,ATIVO,PECAS,604.86,302.4308
"SILENCIOSO TRASEIRO",1282937,537,2,ATIVO,PECAS,475.96,237.9783
"SILENCIOSO INTERMEDIARIO",1282938,536,2,ATIVO,PECAS,456.13,228.0626
"SENSOR ROTAÇÃO",1282939,535,2,ATIVO,PECAS,307.39,153.6943
"SENSOR DE BORBOLETA",1282940,534,2,ATIVO,PECAS,319.29,159.6438
"SENSOR MAP",1282941,533,2,ATIVO,PECAS,347.05,173.5259
"SAPATA DE FREIO",1282942,532,2,ATIVO,JOGO,297.47,148.7365
"ROLAMENTO CORREIA DENTADA",1282943,531,2,ATIVO,PECAS,356.97,178.4837
"ROLAMENTO CORREIA ALTERNADOR",1282944,530,4,ATIVO,PECAS,515.62,128.9049
"RETENTOR VALVULAS",1282945,529,16,ATIVO,PECAS,111.06,6.941
"RETENTOR TRASEIRO MOTOR",1282946,528,2,ATIVO,PECAS,218.15,109.0734
"RETENTOR DA CAIXA",1282947,527,4,ATIVO,PECAS,257.81,64.4525
"RETENTOR DIANTEIRO VIRABREQUIM",1282948,526,2,ATIVO,PECAS,79.33,39.6631
"RETENTOR COMANDO",1282949,525,4,ATIVO,PECAS,178.48,44.6209
"RESERVATORIO AGUA RADIADOR",1282950,524,2,ATIVO,PECAS,257.81,128.9049
"Radiador dagua",1282951,523,2,ATIVO,UNIDADE,892.42,446.2094
"PIVO SUSPENSAO",1282952,522,4,ATIVO,PECAS,297.47,74.3682
"PASTILHA DE FREIO",1282953,521,3,ATIVO,UNIDADE,327.22,109.0734
"PARAFUSO RODA",1282954,520,40,ATIVO,PECAS,118.99,2.9747
"Palheta limpador",1282955,519,3,ATIVO,JOGO,223.1,74.3682
"OLEO DE MOTOR",1282956,518,20,ATIVO,LITRO,356.97,17.8484
"ÓLEO DE FREIO",1282957,517,10,ATIVO,LITRO,148.74,14.8736
"TENSOR CORREIA ALTERNADOR",1282958,544,2,ATIVO,PECAS,436.29,218.1468
"ÓLEO DE CAIXA",1282959,516,10,ATIVO,LITRO,148.74,14.8736
"TERMINAL DE DIREÇÃO",1282960,545,4,ATIVO,PECAS,475.96,118.9892
"VELA DE IGNICAO",1282961,547,2,ATIVO,JOGO,148.74,74.3682
"MÃO DE OBRA PINTURA",1282985,551,200,ATIVO,HORA,5949.46,29.7473
"MÃO DE OBRA FUNILARIA",1282986,550,200,ATIVO,HORA,5949.46,29.7473
"MAO DE OBRA MECANICA.",1282987,549,100,ATIVO,HORA,2974.73,29.7473
"LIMPEZA DE BICO",1282988,548,10,ATIVO,HORA,49.58,4.9579
"VALVULA TERMOSTATICA",1282989,546,2,ATIVO,PECAS,277.64,138.8207
"MOLA TRASEIRA",1282991,515,2,ATIVO,PECAS,247.89,123.947
"MECANISMO DIREÇÃO HIDRÁULICO",1282992,513,1,ATIVO,PECAS,892.42,892.4187
"CILINDRO RODA TRASEIRO",1282993,481,4,ATIVO,PECAS,317.3,79.3261
CÁRTER,1282994,480,2,ATIVO,PECAS,575.11,287.5571
"CANO DÁGUA",1282995,479,2,ATIVO,PECAS,178.48,89.2419
"CALCO AMORTECEDOR DIANTEIRO",1282996,478,4,ATIVO,PECAS,555.28,138.8207
"CABO FREIO DE MAO.",1282997,477,2,ATIVO,PEÇA,307.39,153.6943
"CABO ACELERADOR",1282998,476,2,ATIVO,UNIDADE,99.16,49.5788
"BUCHA ESTABILIZADOR",1282999,475,10,ATIVO,PECAS,446.21,44.6209
"BUCHA BALANÇA",1283000,474,10,ATIVO,PECAS,327.22,32.722
"BOMBA OLEO",1283001,473,2,ATIVO,UNIDADE,749.63,374.8159
"Bomba d agua",1283002,472,2,ATIVO,UNIDADE,356.97,178.4837
"BOMBA COMBUSTIVEL",1283003,471,2,ATIVO,PECAS,654.44,327.2202
BOBINA,1283004,470,2,ATIVO,PECAS,436.29,218.1468
BIELETA,1283005,469,6,ATIVO,PECAS,267.73,44.6209
"bico injetor.",1283006,468,4,ATIVO,PEÇA,753.6,188.3995
BATERIA,1283007,467,2,ATIVO,PECAS,674.27,337.136
"BATENTE AMORTECEDOR DIANTEIRO",1283008,466,4,ATIVO,PECAS,51.56,12.8905
"BALANCA DE SUSPENSAO",1283009,465,4,ATIVO,PECAS,1110.57,277.6414
"AMORTECEDOR TRASEIRO",1283010,464,4,ATIVO,PECAS,1031.24,257.8099
"AMORTECEDOR DIANTEIRO",1283011,463,4,ATIVO,PECAS,1229.55,307.3887
"AMORTECEDOR CAPO TRASEIRO",1283012,462,4,ATIVO,PECAS,257.81,64.4525
"ADITIVO PARA RADIADOR",1283013,461,10,ATIVO,PECAS,79.32,7.932
"COIFA HOMOCINÉTICA",1283020,482,6,ATIVO,PECAS,267.73,44.6209
"MOLA DIANTEIRA",1283021,514,2,ATIVO,PECAS,257.81,128.9049
"COLA SILICONE",1283022,483,4,ATIVO,PECAS,47.6,11.8989
"CORREIA DENTADA",1283023,485,2,ATIVO,PECAS,218.15,109.0734
"Mangueira gasolina",1283024,512,10,ATIVO,METRO,118.99,11.8989
"MANGUEIRA RESPIRO",1283025,511,2,ATIVO,PECAS,89.24,44.6209
"MANGUEIRA RADIADOR",1283026,510,4,ATIVO,PECAS,416.46,104.1155
"LAMPADA FAROL H7",1283027,509,10,ATIVO,PECAS,297.47,29.7473
"LAMPADA 1 POLO",1283028,508,20,ATIVO,PECAS,59.49,2.9747
"KIT EMBREAGEM",1283029,507,2,ATIVO,PECAS,951.91,475.9567
"JUNTA TAMPA DE VALVULAS",1283030,506,2,ATIVO,PECAS,89.24,44.6209
"JUNTA HOMOCINETICA",1283031,505,2,ATIVO,PECAS,614.78,307.3887
"JUNTA COLETOR",1283032,504,2,ATIVO,PECAS,39.66,19.8315
"JUNTA CARTER",1283033,503,2,ATIVO,PECAS,158.65,79.3261
"JOGO JUNTA MOTOR",1283034,502,2,ATIVO,PECAS,594.95,297.4729
"JOGO PISTÃO COM ANÉIS",1283035,501,2,ATIVO,PECAS,1388.21,694.1035
"JOGO BRONZINA DE MANCAL",1283036,500,2,ATIVO,PECAS,297.47,148.7365
"JOGO BRONZINA DE BIELA",1283037,499,2,ATIVO,PECAS,228.06,114.0313
"INTERRUPTOR TEMPERATURA",1283038,498,2,ATIVO,PECAS,158.65,79.3261
"INTERRUPTOR RÉ",1283039,497,2,ATIVO,PECAS,138.82,69.4103
"INTERRUPTOR RADIADOR",1283040,496,2,ATIVO,PECAS,148.74,74.3682
"INTERRUPTOR DO OLEO",1283041,495,2,ATIVO,PECAS,148.74,74.3682
"INTERRUPTOR DO FREIO",1283042,494,2,ATIVO,UNIDADE,156.67,78.3345
"IMPULSOR DE PARTIDA",1283043,493,2,ATIVO,PECAS,237.98,118.9892
"FLEXIVEL DE FREIO",1283044,492,4,ATIVO,PECAS,198.32,49.5788
"FILTRO DE OLEO.",1283045,491,10,ATIVO,PEÇA,297.47,29.7473
"FILTRO DE COMBUSTIVEL.",1283046,490,10,ATIVO,PEÇA,297.47,29.7473
"FILTRO DE AR.",1283047,489,10,ATIVO,PEÇA,575.11,57.5114
"DISCO DE FREIO.",1283048,488,6,ATIVO,PEÇA,624.69,104.1155
"CUBO DE RODA TRASEIRO",1283049,487,2,ATIVO,PECAS,148.74,74.3682
"CUBO DE RODA DIANTEIRO.",1283050,486,2,ATIVO,PEÇA,148.74,74.3682
"CORREIA ALTERNADOR",1283051,484,2,ATIVO,UNIDADE,138.82,69.4103
"CABO FREIO DE MAO.",1283086,202,10,ATIVO,PEÇA,633.49,63.3486
"CABO DE VELAS",1283087,201,10,ATIVO,JOGO,1534.22,153.4225
"CABO ACELERADOR",1283088,200,10,ATIVO,UNIDADE,485.01,48.5013
"BUCHA ESTABILIZADOR",1283089,199,20,ATIVO,PECAS,494.91,24.7456
"BUCHA BALANÇA",1283090,198,40,ATIVO,PECAS,2177.61,54.4402
"BOMBA OLEO",1283091,197,7,ATIVO,UNIDADE,2286.49,326.6413
"BOMBA DAGUA",1283092,196,10,ATIVO,UNIDADE,1583.72,158.3716
"BOMBA COMBUSTIVEL",1283093,195,10,ATIVO,PECAS,3306.01,330.6006
BOBINA,1283094,194,5,ATIVO,PECAS,1534.22,306.8449
"bico injetor.",1283095,193,20,ATIVO,PEÇA,4355.22,217.7609
BATERIA,1283096,192,10,ATIVO,PECAS,2771.5,277.1502
"BATENTE AMORTECEDOR DIANTEIRO",1283097,191,20,ATIVO,PECAS,237.56,11.8779
"BALANCA DE SUSPENSAO",1283098,190,10,ATIVO,PECAS,2771.5,277.1502
"AMORTECEDOR TRASEIRO",1283099,189,10,ATIVO,PECAS,1682.7,168.2698
"AMORTECEDOR DIANTEIRO",1283100,188,10,ATIVO,PECAS,3068.45,306.8449
"AMORTECEDOR CAPO TRASEIRO",1283101,187,10,ATIVO,PECAS,643.38,64.3384
"ADITIVO PARA RADIADOR",1283102,186,20,ATIVO,PECAS,98.89,4.9445
"CALCO AMORTECEDOR DIANTEIRO",1283114,203,20,ATIVO,PECAS,2573.54,128.6769
"MÃO DE OBRA PINTURA",1283133,93,200,ATIVO,HORA,5949.66,29.7483
"MÃO DE OBRA FUNILARIA",1283134,92,200,ATIVO,HORA,5949.66,29.7483
"MA0 DE OBRA MECANICA.",1283135,91,100,ATIVO,HORA,2974.83,29.7483
"LIMPEZA DE BICO",1283136,90,20,ATIVO,HORA,99.16,4.958
"VELA DE IGNICAO",1283137,89,3,ATIVO,JOGO,223.11,74.3707
"VALVULA TERMOSTATICA",1283138,88,2,ATIVO,PECAS,128.91,64.4546
"TERMINAL DE DIREÇÃO",1283139,87,4,ATIVO,PECAS,289.55,72.3875
"TENSOR CORREIA ALTERNADOR",1283140,86,2,ATIVO,PECAS,555.3,277.6506
"TAMPA RADIADOR",1283141,85,3,ATIVO,PECAS,59.5,19.8322
"TAMPA DO OLEO",1283142,84,2,ATIVO,PECAS,49.58,24.7902
"TAMBOR DE FREIO",1283143,83,4,ATIVO,PECAS,515.64,128.9092
"CANO DÁGUA",1283177,204,10,ATIVO,PECAS,475.12,47.5115
"CILINDRO EMBREAGEM",1283178,206,20,ATIVO,PECAS,5543,277.1502
"MÃO DE OBRA PINTURA",1283197,277,500,ATIVO,HORA,14847.35,29.6947
"MÃO DE OBRA FUNILARIA",1283198,276,500,ATIVO,HORA,14847.35,29.6947
"MAO DE OBRA MECANICA.",1283199,275,500,ATIVO,HORA,14847.35,29.6947
"LIMPEZA DE BICO",1283200,274,40,ATIVO,HORA,475.12,11.8779
"VELA DE IGNICAO",1283201,273,10,ATIVO,JOGO,692.88,69.2876
"VALVULA TERMOSTATICA",1283202,272,10,ATIVO,PECAS,791.86,79.1858
"TERMINAL DE DIREÇÃO",1283203,271,20,ATIVO,PECAS,1286.77,64.3384
"TENSOR CORREIA ALTERNADOR",1283204,270,10,ATIVO,PECAS,2375.57,237.5573
"TAMPA RADIADOR",1283205,269,10,ATIVO,PECAS,148.47,14.8473
"TAMPA DO OLEO",1283207,268,10,ATIVO,PECAS,197.96,19.7964
CÁRTER,1283238,205,10,ATIVO,PECAS,3761.32,376.1325
"TAMBOR DE FREIO",1283239,267,20,ATIVO,PECAS,1346.16,67.3079
"SUPORTE DE CAIXA",1283240,265,10,ATIVO,PECAS,1583.72,158.3716
"KIT EMBREAGEM",1283241,233,10,ATIVO,PECAS,4454.2,445.42
"JUNTA TAMPA DE VALVULAS",1283242,232,10,ATIVO,PECAS,346.44,34.6438
"JUNTA HOMOCINETICA",1283243,231,15,ATIVO,PECAS,4305.73,287.0485
"JUNTA COLETOR",1283244,230,20,ATIVO,PECAS,237.56,11.8779
"JUNTA CARTER",1283245,229,10,ATIVO,PECAS,296.95,29.6947
"JOGO JUNTA MOTOR",1283246,228,10,ATIVO,PECAS,1583.72,158.3716
"JOGO PISTÃO COM ANÉIS",1283247,227,5,ATIVO,PECAS,4454.2,890.84
"JOGO BRONZINA DE MANCAL",1283248,226,8,ATIVO,PECAS,1108.6,138.5751
"JOGO BRONZINA DE BIELA",1283249,225,8,ATIVO,PECAS,554.3,69.2876
"INTERRUPTOR TEMPERATURA",1283250,224,10,ATIVO,PECAS,643.38,64.3384
"INTERRUPTOR RÉ",1283251,223,10,ATIVO,PECAS,445.42,44.542
"INTERRUPTOR RADIADOR",1283252,222,10,ATIVO,PECAS,692.88,69.2876
"INTERRUPTOR DO OLEO",1283253,221,10,ATIVO,PECAS,336.54,33.654
"INTERRUPTOR DO FREIO",1283254,220,10,ATIVO,UNIDADE,316.74,31.6743
"IMPULSOR DE PARTIDA",1283255,219,10,ATIVO,PECAS,1138.3,113.8296
"FLEXIVEL DE FREIO",1283256,218,10,ATIVO,PECAS,395.93,39.5929
"FILTRO DO OLEO",1283257,217,20,ATIVO,PECAS,475.11,23.7557
"FILTRO DE COMBUSTIVEL.",1283258,216,20,ATIVO,PEÇA,494.91,24.7456
"FILTRO DE AR.",1283259,215,20,ATIVO,PEÇA,494.91,24.7456
"DISCO DE FREIO.",1283260,214,20,ATIVO,PEÇA,1544.12,77.2061
"CUBO DE RODA TRASEIRO",1283261,213,10,ATIVO,PECAS,1484.73,148.4733
"CUBO DE RODA DIANTEIRO.",1283262,212,10,ATIVO,PEÇA,643.38,64.3384
"CORREIA DENTADA",1283263,211,10,ATIVO,PECAS,643.38,64.3384
"CORREIA ALTERNADOR",1283264,210,10,ATIVO,UNIDADE,475.12,47.5115
"COLA SILICONE",1283265,209,20,ATIVO,PECAS,197.96,9.8982
"COIFA HOMOCINÉTICA",1283266,208,20,ATIVO,PECAS,395.93,19.7964
"CILINDRO RODA TRASEIRO",1283267,207,20,ATIVO,PECAS,970.03,48.5013
"LAMPADA 1 POLO",1283268,234,40,ATIVO,PECAS,118.78,2.9695
"SUPORTE MOTOR",1283269,266,20,ATIVO,PECAS,3365.4,168.2698
"LAMPADA FAROL H7",1283270,235,20,ATIVO,PECAS,593.89,29.6947
"MANGUEIRA RESPIRO",1283271,237,10,ATIVO,PECAS,445.42,44.542
"SONDA LAMBDA",1283272,264,10,ATIVO,PECAS,2870.48,287.0485
"SILENCIOSO TRASEIRO",1283273,263,10,ATIVO,PECAS,1534.22,153.4225
"SILENCIOSO INTERMEDIARIO",1283274,262,10,ATIVO,PECAS,1563.92,156.3919
"SENSOR ROTAÇÃO",1283275,261,6,ATIVO,PECAS,950.23,158.3716
"SENSOR DE BORBOLETA",1283276,260,10,ATIVO,PECAS,1583.72,158.3716
"SENSOR MAP",1283277,259,6,ATIVO,PECAS,1069.01,178.168
"SAPATA DE FREIO",1283278,258,10,ATIVO,JOGO,1286.77,128.6769
"ROLAMENTO CORREIA DENTADA",1283279,257,10,ATIVO,PECAS,1187.79,118.7787
"ROLAMENTO CORREIA ALTERNADOR",1283280,256,20,ATIVO,PECAS,2177.61,108.8804
"RETENTOR VALVULAS",1283281,255,40,ATIVO,PECAS,118.78,2.9695
"RETENTOR TRASEIRO MOTOR",1283282,254,10,ATIVO,PECAS,989.82,98.9822
"RETENTOR DA CAIXA",1283283,253,20,ATIVO,PECAS,890.84,44.542
"RETENTOR DIANTEIRO VIRABREQUIM",1283284,252,10,ATIVO,PECAS,346.44,34.6438
"RETENTOR COMANDO",1283285,251,20,ATIVO,PECAS,494.91,24.7456
"RESERVATORIO AGUA RADIADOR",1283286,250,5,ATIVO,PECAS,395.93,79.1858
"Radiador dagua",1283287,249,5,ATIVO,UNIDADE,1732.19,346.4378
"PIVO SUSPENSAO",1283288,248,15,ATIVO,PECAS,965.08,64.3384
"PASTILHA DE FREIO",1283289,247,20,ATIVO,UNIDADE,1781.68,89.084
"PARAFUSO DE RODA",1283290,246,40,ATIVO,UNIDADE,197.96,4.9491
"Palheta limpador",1283291,245,10,ATIVO,JOGO,742.37,74.2367
"OLEO DE MOTOR",1283292,244,80,ATIVO,LITRO,1425.34,17.8168
"ÓLEO DE FREIO",1283293,243,40,ATIVO,LITRO,593.89,14.8473
"ÓLEO DE CAIXA",1283294,242,40,ATIVO,LITRO,593.89,14.8473
"MOLA TRASEIRA",1283295,241,10,ATIVO,PECAS,1286.77,128.6769
"MOLA DIANTEIRA",1283296,240,10,ATIVO,PECAS,1286.77,128.6769
"MECANISMO DIREÇÃO HIDRÁULICO",1283297,239,5,ATIVO,PECAS,4454.2,890.84
"Mangueira gasolina",1283298,238,20,ATIVO,METRO,277.15,13.8575
"MANGUEIRA RADIADOR",1283299,236,10,ATIVO,PECAS,989.82,98.9822
"SENSOR ROTAÇÃO",1283301,1072,2,ATIVO,PECAS,327.97,163.9864
"TERMINAL DE DIREÇÃO",1283302,1082,8,ATIVO,PECAS,791.93,98.9918
"SILENCIOSO INTERMEDIARIO",1283303,1073,3,ATIVO,PECAS,776.94,258.9785
"SILENCIOSO TRASEIRO",1283304,1074,3,ATIVO,PECAS,839.93,279.9768
"SONDA LAMBDA",1283305,1075,3,ATIVO,PECAS,776.94,258.9785
"SUPORTE DE CAIXA",1283306,1076,3,ATIVO,PECAS,224.98,74.9938
"SUPORTE MOTOR",1283307,1077,8,ATIVO,PECAS,2239.81,279.9768
"TAMBOR DE FREIO",1283308,1078,6,ATIVO,PECAS,869.93,144.988
"TAMPA DO OLEO",1283309,1079,3,ATIVO,PECAS,89.99,29.9975
"TAMPA RADIADOR",1283310,1080,3,ATIVO,PECAS,89.99,29.9975
"TENSOR CORREIA ALTERNADOR",1283311,1081,3,ATIVO,PECAS,1019.92,339.9718
"VALVULA TERMOSTATICA",1283312,1083,3,ATIVO,PECAS,368.97,122.9898
"VELA DE IGNICAO",1283313,1084,5,ATIVO,JOGO,324.97,64.9946
"LIMPEZA DE BICO",1283314,1085,40,ATIVO,HORA,199.98,4.9996
"MAO DE OBRA MECANICA.",1283315,1086,300,ATIVO,HORA,8999.25,29.9975
"MÃO DE OBRA FUNILARIA",1283316,1087,300,ATIVO,HORA,8999.25,29.9975
"MÃO DE OBRA PINTURA",1283317,1088,300,ATIVO,HORA,8999.25,29.9975
"JOGO BRONZINA DE BIELA",1283443,1038,2,ATIVO,PECAS,181.98,90.9925
"INTERRUPTOR TEMPERATURA",1283444,1037,3,ATIVO,PECAS,263.98,87.9927
"INTERRUPTOR RÉ",1283445,1036,3,ATIVO,PECAS,218.98,72.994
"INTERRUPTOR RADIADOR",1283446,1035,3,ATIVO,PECAS,311.97,103.9914
"INTERRUPTOR DO OLEO",1283447,1034,4,ATIVO,PECAS,179.99,44.9963
"INTERRUPTOR DO FREIO",1283448,1033,3,ATIVO,UNIDADE,221.98,73.9939
"IMPULSOR DE PARTIDA",1283449,1032,3,ATIVO,PECAS,404.97,134.9888
"FLEXIVEL DE FREIO",1283450,1031,6,ATIVO,PECAS,419.97,69.9942
"FILTRO DO OLEO",1283451,1030,10,ATIVO,PECAS,249.98,24.9979
"FILTRO DE COMBUSTIVEL.",1283452,1029,6,ATIVO,PEÇA,179.98,29.9975
"FILTRO DE AR.",1283453,1028,4,ATIVO,PEÇA,319.97,79.9934
"DISCO DE FREIO.",1283454,1027,8,ATIVO,PEÇA,999.92,124.9896
"CORREIA DENTADA",1283455,1026,4,ATIVO,PECAS,379.97,94.9921
"CORREIA ALTERNADOR",1283456,1025,4,ATIVO,UNIDADE,299.98,74.9938
"COLA SILICONE",1283457,1024,5,ATIVO,PECAS,74.99,14.9988
"COIFA HOMOCINÉTICA",1283458,1023,6,ATIVO,PECAS,419.97,69.9942
"CILINDRO RODA TRASEIRO",1283459,1022,8,ATIVO,PECAS,847.93,105.9912
"CILINDRO EMBREAGEM",1283460,1021,4,ATIVO,PECAS,1339.89,334.9722
CÁRTER,1283461,1020,2,ATIVO,PECAS,717.94,358.9703
"CANO D AGUA",1283462,1019,3,ATIVO,PECAS,164.99,54.9954
"CABO FREIO DE MAO.",1283463,1018,8,ATIVO,PEÇA,599.95,74.9938
"CABO DE VELAS",1283464,1017,4,ATIVO,JOGO,699.94,174.9855
"CABO ACELERADOR",1283465,1016,2,ATIVO,UNIDADE,147.99,73.9939
"BUCHA ESTABILIZADOR",1283466,1015,20,ATIVO,PECAS,679.94,33.9972
"BUCHA BALANÇA",1283467,1014,30,ATIVO,PECAS,1349.89,44.9963
"BOMBA OLEO",1283468,1013,3,ATIVO,UNIDADE,989.92,329.9727
"Bomba d agua",1283469,1012,4,ATIVO,UNIDADE,603.95,150.9875
"JOGO BRONZINA DE MANCAL",1283470,1039,2,ATIVO,PECAS,329.97,164.9863
"BOMBA COMBUSTIVEL",1283471,1011,4,ATIVO,PECAS,1439.88,359.9702
"JOGO PISTÃO COM ANÉIS",1283472,1040,2,ATIVO,PECAS,1799.85,899.9254
"JUNTA CARTER",1283473,1042,4,ATIVO,PECAS,219.98,54.9954
"SAPATA DE FREIO",1283474,1069,4,ATIVO,JOGO,1019.92,254.9789
"ROLAMENTO CORREIA DENTADA",1283475,1068,3,ATIVO,PECAS,464.96,154.9872
"ROLAMENTO CORREIA ALTERNADOR",1283476,1067,10,ATIVO,PECAS,1199.9,119.9901
"RETENTOR VALVULAS",1283477,1066,16,ATIVO,PECAS,48,2.9998
"RETENTOR TRASEIRO MOTOR",1283478,1065,3,ATIVO,PECAS,194.98,64.9946
"RETENTOR DA CAIXA",1283479,1064,10,ATIVO,PECAS,399.97,39.9967
"RETENTOR DIANTEIRO VIRABREQUIM",1283480,1063,4,ATIVO,PECAS,179.99,44.9963
"RETENTOR COMANDO",1283481,1062,4,ATIVO,PECAS,95.99,23.998
"RESERVATORIO AGUA RADIADOR",1283482,1061,2,ATIVO,PECAS,281.98,140.9883
"Radiador dagua",1283483,1060,2,ATIVO,UNIDADE,1239.9,619.9486
"PIVO SUSPENSAO",1283484,1059,16,ATIVO,PECAS,1327.89,82.9931
"PASTILHA DE FREIO",1283485,1058,6,ATIVO,UNIDADE,929.92,154.9872
"PARAFUSO DE RODA",1283486,1057,30,ATIVO,UNIDADE,449.96,14.9988
"Palheta limpador",1283487,1056,6,ATIVO,JOGO,419.97,69.9942
"OLEO DE MOTOR",1283488,1055,80,ATIVO,LITRO,1439.88,17.9985
"ÓLEO DE FREIO",1283489,1054,30,ATIVO,LITRO,449.96,14.9988
"ÓLEO DE CAIXA",1283490,1053,30,ATIVO,LITRO,449.96,14.9988
"MOLA DIANTEIRA",1283491,1052,6,ATIVO,PECAS,1139.91,189.9843
"MECANISMO DIREÇÃO HIDRÁULICO",1283492,1051,3,ATIVO,PECAS,2699.78,899.9254
"Mangueira gasolina",1283493,1050,20,ATIVO,METRO,499.96,24.9979
"MANGUEIRA RESPIRO",1283494,1049,4,ATIVO,PECAS,259.98,64.9946
"MANGUEIRA RADIADOR",1283495,1048,4,ATIVO,PECAS,335.97,83.993
"LAMPADA FAROL H7",1283496,1047,20,ATIVO,PECAS,699.94,34.9971
"LAMPADA 1 POLO",1283497,1046,20,ATIVO,PECAS,60,2.9998
"KIT EMBREAGEM",1283498,1045,3,ATIVO,PECAS,2039.83,679.9437
"JUNTA TAMPA DE VALVULAS",1283499,1044,5,ATIVO,PECAS,224.98,44.9963
"JUNTA COLETOR",1283500,1043,4,ATIVO,PECAS,91.99,22.9981
"JOGO JUNTA MOTOR",1283501,1041,2,ATIVO,PECAS,299.98,149.9876
BOBINA,1283503,1010,4,ATIVO,PECAS,1219.9,304.9747
"bico injetor.",1283504,1008,10,ATIVO,PEÇA,3049.75,304.9747
"BIELETA ESTABILIZADOR",1283533,1009,20,ATIVO,PECAS,899.93,44.9963
BATERIA,1283536,1007,4,ATIVO,PECAS,1379.89,344.9714
"BATENTE AMORTECEDOR DIANTEIRO",1283537,1006,10,ATIVO,PECAS,249.98,24.9979
"BALANCA DE SUSPENSAO",1283538,1005,4,ATIVO,PECAS,1279.89,319.9735
"AMORTECEDOR TRASEIRO",1283539,1004,6,ATIVO,PECAS,1559.87,259.9785
"AMORTECEDOR DIANTEIRO",1283540,1003,6,ATIVO,PECAS,1169.9,194.9838
"AMORTECEDOR CAPO TRASEIRO",1283541,1002,6,ATIVO,PECAS,389.97,64.9946
"ADITIVO PARA RADIADOR",1283542,1001,10,ATIVO,PECAS,79.96,7.996
"SENSOR MAP",1283564,1070,2,ATIVO,PECAS,489.96,244.9797
"FILTRO DE COMBUSTIVEL.",1283567,666,20,ATIVO,PEÇA,697.34,34.8669
"FILTRO DE AR.",1283568,665,20,ATIVO,PEÇA,1195.44,59.7719
"DISCO DE FREIO.",1283569,664,20,ATIVO,PEÇA,2191.64,109.5818
"CUBO DE RODA TRASEIRO",1283570,663,10,ATIVO,PECAS,896.58,89.6579
"CUBO DE RODA DIANTEIRO.",1283571,662,10,ATIVO,PEÇA,896.58,89.6579
"CORREIA DENTADA",1283572,661,10,ATIVO,PECAS,1195.44,119.5438
"CORREIA ALTERNADOR",1283573,660,10,ATIVO,UNIDADE,796.96,79.6959
"COLA SILICONE",1283574,659,10,ATIVO,PECAS,99.62,9.962
"COIFA HOMOCINÉTICA",1283575,658,10,ATIVO,PECAS,1046.01,104.6008
"CILINDRO RODA TRASEIRO",1283576,657,20,ATIVO,PECAS,1593.92,79.6959
CÁRTER,1283577,656,10,ATIVO,PECAS,3875.21,387.5212
"CANO DÁGUA",1283578,655,10,ATIVO,PECAS,1046.01,104.6008
"CALCO AMORTECEDOR DIANTEIRO",1283579,654,10,ATIVO,PECAS,1593.92,159.3917
"CABO FREIO DE MAO.",1283580,653,10,ATIVO,PEÇA,1275.13,127.5134
"CABO ACELERADOR",1283581,652,3,ATIVO,UNIDADE,194.26,64.7529
"BUCHA ESTABILIZADOR",1283582,651,10,ATIVO,PECAS,448.29,44.8289
"BUCHA BALANÇA",1283583,650,20,ATIVO,PECAS,896.58,44.8289
"BOMBA OLEO",1283584,649,5,ATIVO,UNIDADE,1768.25,353.6504
"BOMBA DAGUA",1283585,648,5,ATIVO,UNIDADE,1195.44,239.0876
"BOMBA COMBUSTIVEL",1283586,647,5,ATIVO,PECAS,1743.35,348.6694
BOBINA,1283587,646,20,ATIVO,PECAS,3785.55,189.2777
BIELETA,1283588,645,40,ATIVO,PECAS,1793.16,44.8289
"bico injetor.",1283589,644,20,ATIVO,PEÇA,5777.95,288.8975
BATERIA,1283590,643,15,ATIVO,PECAS,4677.15,311.8101
"BATENTE AMORTECEDOR DIANTEIRO",1283591,642,20,ATIVO,PECAS,239.09,11.9544
"BALANCA DE SUSPENSAO",1283592,641,40,ATIVO,PECAS,12751.34,318.7835
"AMORTECEDOR TRASEIRO",1283593,640,20,ATIVO,PECAS,5578.71,278.9355
"FILTRO DE OLEO.",1283594,667,20,ATIVO,PEÇA,697.34,34.8669
"AMORTECEDOR DIANTEIRO",1283595,639,20,ATIVO,PECAS,5578.71,278.9355
"FLEXIVEL DE FREIO",1283596,668,20,ATIVO,PECAS,1095.82,54.7909
"INTERRUPTOR DO FREIO",1283597,670,5,ATIVO,UNIDADE,398.48,79.6959
"PASTILHA DE FREIO",1283598,697,10,ATIVO,UNIDADE,1046.01,104.6008
"PARAFUSO DE RODA",1283599,696,60,ATIVO,UNIDADE,298.86,4.981
"Palheta limpador",1283600,695,10,ATIVO,JOGO,697.34,69.7339
"OLEO DE MOTOR",1283601,694,100,ATIVO,LITRO,1793.16,17.9316
"ÓLEO DE FREIO",1283602,693,30,ATIVO,LITRO,448.29,14.943
"ÓLEO DE CAIXA",1283603,692,40,ATIVO,LITRO,597.72,14.943
"MOLA TRASEIRA",1283604,691,10,ATIVO,PECAS,1544.11,154.4107
"MOLA DIANTEIRA",1283605,690,10,ATIVO,PECAS,1593.92,159.3917
"MECANISMO DIREÇÃO HIDRÁULICO",1283606,689,10,ATIVO,PECAS,9762.74,976.2744
"Mangueira gasolina",1283607,688,30,ATIVO,METRO,597.72,19.924
"MANGUEIRA RESPIRO",1283608,687,10,ATIVO,PECAS,547.91,54.7909
"MANGUEIRA RADIADOR",1283609,686,10,ATIVO,PECAS,1095.82,109.5818
"LAMPADA FAROL H7",1283610,685,20,ATIVO,PECAS,597.72,29.886
"LAMPADA 1 POLO",1283611,684,20,ATIVO,PECAS,39.85,1.9924
"KIT EMBREAGEM",1283612,683,10,ATIVO,PECAS,5479.09,547.9091
"JUNTA TAMPA DE VALVULAS",1283613,682,10,ATIVO,PECAS,448.29,44.8289
"JUNTA HOMOCINETICA",1283614,681,10,ATIVO,PECAS,3287.46,328.7455
"JUNTA COLETOR",1283615,680,5,ATIVO,PECAS,149.43,29.886
"JUNTA CARTER",1283616,679,5,ATIVO,PECAS,348.67,69.7339
"JOGO JUNTA MOTOR",1283617,678,5,ATIVO,PECAS,1394.68,278.9355
"JOGO PISTÃO COM ANÉIS",1283618,677,5,ATIVO,PECAS,4731.94,946.3884
"JOGO BRONZINA DE MANCAL",1283619,676,5,ATIVO,PECAS,772.05,154.4107
"JOGO BRONZINA DE BIELA",1283620,675,5,ATIVO,PECAS,523,104.6008
"INTERRUPTOR TEMPERATURA",1283621,674,5,ATIVO,PECAS,398.48,79.6959
"INTERRUPTOR RÉ",1283622,673,5,ATIVO,PECAS,373.57,74.7149
"INTERRUPTOR RADIADOR",1283623,672,5,ATIVO,PECAS,523,104.6008
"INTERRUPTOR DO OLEO",1283624,671,5,ATIVO,PECAS,398.48,79.6959
"IMPULSOR DE PARTIDA",1283625,669,10,ATIVO,PECAS,1245.25,124.5248
"PIVO SUSPENSAO",1283626,698,10,ATIVO,PECAS,747.15,74.7149
"AMORTECEDOR CAPO TRASEIRO",1283627,638,20,ATIVO,PECAS,1295.06,64.7529
"ADITIVO PARA RADIADOR",1283657,637,20,ATIVO,PECAS,159.3,7.965
"Radiador dagua",1283689,699,10,ATIVO,UNIDADE,6475.29,647.5289
"RETENTOR COMANDO",1283690,701,6,ATIVO,PECAS,268.97,44.8289
"Radiador dagua",1283691,790,1,ATIVO,UNIDADE,300.29,300.2888
"PIVO SUSPENSAO",1283692,789,4,ATIVO,PECAS,278.41,69.6034
"PASTILHA DE FREIO",1283693,788,5,ATIVO,UNIDADE,522.02,104.405
"PARAFUSO DE RODA",1283694,787,20,ATIVO,UNIDADE,99.43,4.9717
"Palheta limpador",1283695,786,5,ATIVO,JOGO,348.02,69.6034
"OLEO DE MOTOR",1283696,785,20,ATIVO,LITRO,357.96,17.898
"ÓLEO DE FREIO",1283697,784,20,ATIVO,LITRO,298.3,14.915
"ÓLEO DE CAIXA",1283698,783,20,ATIVO,LITRO,298.3,14.915
"MOLA TRASEIRA",1283699,782,4,ATIVO,PECAS,477.28,119.32
"MOLA DIANTEIRA",1283700,781,4,ATIVO,PECAS,517.05,129.2634
"MECANISMO DIREÇÃO HIDRÁULICO",1283701,780,2,ATIVO,PECAS,1789.8,894.9003
"Mangueira gasolina",1283702,779,10,ATIVO,METRO,248.58,24.8583
"MANGUEIRA RESPIRO",1283703,778,2,ATIVO,PECAS,69.6,34.8017
"MANGUEIRA RADIADOR",1283704,777,3,ATIVO,PECAS,223.72,74.575
"LAMPADA FAROL H7",1283705,776,10,ATIVO,PECAS,328.13,32.813
"LAMPADA 1 POLO",1283706,775,10,ATIVO,PECAS,29.83,2.983
"KIT EMBREAGEM",1283707,774,2,ATIVO,PECAS,735.81,367.9035
"JUNTA TAMPA DE VALVULAS",1283708,773,3,ATIVO,PECAS,98.44,32.813
"JUNTA HOMOCINETICA",1283709,772,4,ATIVO,PECAS,815.35,203.8384
"JUNTA COLETOR",1283710,771,3,ATIVO,PECAS,71.59,23.864
"JUNTA CARTER",1283711,770,3,ATIVO,PECAS,71.59,23.864
"JOGO JUNTA MOTOR",1283712,769,2,ATIVO,PECAS,348.02,174.0084
"JOGO PISTÃO COM ANÉIS",1283713,768,2,ATIVO,PECAS,1590.93,795.467
"JOGO BRONZINA DE MANCAL",1283714,767,2,ATIVO,PECAS,308.24,154.1217
"JOGO BRONZINA DE BIELA",1283715,766,2,ATIVO,PECAS,176.99,88.4957
"INTERRUPTOR TEMPERATURA",1283716,765,2,ATIVO,PECAS,135.23,67.6147
"INTERRUPTOR RÉ",1283717,764,2,ATIVO,PECAS,65.63,32.813
"RESERVATORIO AGUA RADIADOR",1283718,791,1,ATIVO,PECAS,59.66,59.66
"INTERRUPTOR RADIADOR",1283719,763,2,ATIVO,PECAS,109.38,54.6884
"RETENTOR COMANDO",1283720,792,2,ATIVO,PECAS,29.83,14.915
"RETENTOR DA CAIXA",1283721,794,4,ATIVO,PECAS,59.66,14.915
"MÃO DE OBRA PINTURA",1283725,818,200,ATIVO,HORA,5966,29.83
"MÃO DE OBRA FUNILARIA",1283726,817,200,ATIVO,HORA,5966,29.83
"MAO DE OBRA MECANICA.",1283727,816,200,ATIVO,HORA,5966,29.83
"LIMPEZA DE BICO",1283728,815,20,ATIVO,HORA,99.43,4.9717
"VELA DE IGNICAO",1283729,814,3,ATIVO,JOGO,223.72,74.575
"VALVULA TERMOSTATICA",1283730,813,2,ATIVO,PECAS,129.26,64.6317
"TERMINAL DE DIREÇÃO",1283731,812,4,ATIVO,PECAS,282.39,70.5977
"TENSOR CORREIA ALTERNADOR",1283732,811,2,ATIVO,PECAS,556.83,278.4134
"TAMPA RADIADOR",1283733,810,3,ATIVO,PECAS,74.57,24.8583
"TAMPA DO OLEO",1283734,809,2,ATIVO,PECAS,29.83,14.915
"TAMBOR DE FREIO",1283735,808,4,ATIVO,PECAS,298.3,74.575
"SUPORTE MOTOR",1283736,807,4,ATIVO,PECAS,290.35,72.5864
"SUPORTE DE CAIXA",1283737,806,3,ATIVO,PECAS,146.17,48.7224
"SONDA LAMBDA",1283738,805,2,ATIVO,PECAS,606.54,303.2718
"SILENCIOSO TRASEIRO",1283739,804,2,ATIVO,PECAS,417.62,208.8101
"SILENCIOSO INTERMEDIARIO",1283740,803,2,ATIVO,PECAS,308.24,154.1217
"SENSOR ROTAÇÃO",1283741,802,2,ATIVO,PECAS,298.3,149.1501
"SENSOR DE BORBOLETA",1283742,801,2,ATIVO,PECAS,308.24,154.1217
"SENSOR MAP",1283743,800,2,ATIVO,PECAS,357.96,178.9801
"SAPATA DE FREIO",1283744,799,2,ATIVO,JOGO,149.15,74.575
"ROLAMENTO CORREIA DENTADA",1283745,798,2,ATIVO,PECAS,169.04,84.5184
"ROLAMENTO CORREIA ALTERNADOR",1283746,797,4,ATIVO,PECAS,353.98,88.4957
"RETENTOR VALVULAS",1283747,796,16,ATIVO,PECAS,47.73,2.983
"RETENTOR TRASEIRO MOTOR",1283748,795,2,ATIVO,PECAS,236.65,118.3257
"RETENTOR DIANTEIRO VIRABREQUIM",1283749,793,2,ATIVO,PECAS,29.83,14.915
"RESERVATORIO AGUA RADIADOR",1283750,700,10,ATIVO,PECAS,1195.44,119.5438
"INTERRUPTOR DO OLEO",1283751,762,4,ATIVO,PECAS,123.3,30.8243
"IMPULSOR DE PARTIDA",1283752,760,2,ATIVO,PECAS,308.24,154.1217
"ADITIVO PARA RADIADOR",1283753,728,10,ATIVO,PECAS,79.54,7.954
"MÃO DE OBRA PINTURA",1283754,727,300,ATIVO,HORA,8965.8,29.886
"MÃO DE OBRA FUNILARIA",1283755,726,300,ATIVO,HORA,8965.8,29.886
"MAO DE OBRA MECANICA.",1283756,725,300,ATIVO,HORA,8965.8,29.886
"LIMPEZA DE BICO",1283757,724,80,ATIVO,HORA,956.35,11.9544
"VELA DE IGNICAO",1283758,723,10,ATIVO,JOGO,747.15,74.7149
"VALVULA TERMOSTATICA",1283759,722,10,ATIVO,PECAS,1215.36,121.5362
"TERMINAL DE DIREÇÃO",1283760,721,10,ATIVO,PECAS,1125.7,112.5704
"TENSOR CORREIA ALTERNADOR",1283761,720,5,ATIVO,PECAS,1195.44,239.0876
"TAMPA RADIADOR",1283762,719,10,ATIVO,PECAS,239.09,23.9088
"TAMPA DO OLEO",1283763,718,10,ATIVO,PECAS,249.05,24.905
"TAMBOR DE FREIO",1283764,717,10,ATIVO,PECAS,1324.94,132.4944
"SUPORTE MOTOR",1283765,716,20,ATIVO,PECAS,5997.11,299.8557
"SUPORTE DE CAIXA",1283766,715,10,ATIVO,PECAS,2331.1,233.1104
"SONDA LAMBDA",1283767,714,5,ATIVO,PECAS,1369.77,273.9545
"SILENCIOSO TRASEIRO",1283768,713,5,ATIVO,PECAS,1080.88,216.175
"SILENCIOSO INTERMEDIARIO",1283769,712,5,ATIVO,PECAS,846.77,169.3537
"SENSOR ROTAÇÃO",1283770,711,5,ATIVO,PECAS,796.96,159.3917
"SENSOR DE BORBOLETA",1283771,710,5,ATIVO,PECAS,762.09,152.4183
"SENSOR MAP",1283772,709,5,ATIVO,PECAS,886.62,177.3233
"SAPATA DE FREIO",1283773,708,10,ATIVO,JOGO,1544.11,154.4107
"ROLAMENTO CORREIA DENTADA",1283774,707,10,ATIVO,PECAS,1593.92,159.3917
"ROLAMENTO CORREIA ALTERNADOR",1283775,706,10,ATIVO,PECAS,1245.25,124.5248
"RETENTOR VALVULAS",1283776,705,32,ATIVO,PECAS,255.03,7.9696
"RETENTOR TRASEIRO MOTOR",1283777,704,5,ATIVO,PECAS,597.72,119.5438
"RETENTOR DA CAIXA",1283778,703,8,ATIVO,PECAS,478.18,59.7719
"RETENTOR DIANTEIRO VIRABREQUIM",1283779,702,6,ATIVO,PECAS,268.97,44.8289
"AMORTECEDOR CAPO TRASEIRO",1283780,729,4,ATIVO,PECAS,258.53,64.6317
"INTERRUPTOR DO FREIO",1283781,761,2,ATIVO,UNIDADE,67.61,33.8073
"AMORTECEDOR DIANTEIRO",1283782,730,4,ATIVO,PECAS,596.6,149.1501
"BALANCA DE SUSPENSAO",1283783,732,2,ATIVO,PECAS,139.21,69.6034
"FLEXIVEL DE FREIO",1283784,759,6,ATIVO,PECAS,208.81,34.8017
"FILTRO DO OLEO",1283785,758,10,ATIVO,PECAS,248.58,24.8583
"FILTRO DE COMBUSTIVEL.",1283786,757,6,ATIVO,PEÇA,178.98,29.83
"FILTRO DE AR.",1283787,756,4,ATIVO,PEÇA,119.32,29.83
"DISCO DE FREIO.",1283788,755,6,ATIVO,PEÇA,536.94,89.49
"CUBO DE RODA TRASEIRO",1283789,754,4,ATIVO,PECAS,258.53,64.6317
"CUBO DE RODA DIANTEIRO.",1283790,753,4,ATIVO,PEÇA,298.3,74.575
"CORREIA DENTADA",1283791,752,2,ATIVO,PECAS,89.49,44.745
"CORREIA ALTERNADOR",1283792,751,3,ATIVO,UNIDADE,235.66,78.5524
"COLA SILICONE",1283793,750,5,ATIVO,PECAS,74.58,14.915
"COIFA HOMOCINÉTICA",1283794,749,6,ATIVO,PECAS,149.15,24.8583
"CILINDRO RODA TRASEIRO",1283795,748,6,ATIVO,PECAS,250.57,41.762
CÁRTER,1283796,747,2,ATIVO,PECAS,288.36,144.1784
"CANO DÁGUA",1283797,746,2,ATIVO,PECAS,109.38,54.6884
"CALCO AMORTECEDOR DIANTEIRO",1283798,745,4,ATIVO,PECAS,230.69,57.6714
"CABO FREIO DE MAO.",1283799,744,2,ATIVO,PEÇA,149.15,74.575
"CABO DE VELAS",1283800,743,3,ATIVO,JOGO,522.03,174.0084
"CABO ACELERADOR",1283801,742,2,ATIVO,UNIDADE,89.49,44.745
"BUCHA ESTABILIZADOR",1283802,741,8,ATIVO,PECAS,79.55,9.9433
"BUCHA BALANÇA",1283803,740,6,ATIVO,PECAS,137.22,22.8697
"BOMBA OLEO",1283804,739,2,ATIVO,UNIDADE,457.39,228.6968
"BOMBA DAGUA",1283805,738,2,ATIVO,UNIDADE,318.19,159.0934
"BOMBA COMBUSTIVEL",1283806,737,2,ATIVO,PECAS,616.49,308.2435
BOBINA,1283807,736,2,ATIVO,PECAS,517.05,258.5268
"bico injetor.",1283808,735,8,ATIVO,PEÇA,2147.76,268.4701
BATERIA,1283809,734,2,ATIVO,PECAS,676.15,338.0735
"BATENTE AMORTECEDOR DIANTEIRO",1283810,733,6,ATIVO,PECAS,77.56,12.9263
"AMORTECEDOR TRASEIRO",1283811,731,4,ATIVO,PECAS,636.37,159.0934
"SENSOR DE BORBOLETA",1283812,1071,3,ATIVO,PECAS,764.94,254.9789
